0 -0.081403 1.241696
0 0.730323 0.314331
0 -0.422458 0.727154
0 -0.616931 0.514619
1 0.112779 -0.071093
1 1.508765 -0.536480
0 0.591894 1.056940
0 0.901890 0.875206
0 -0.898854 0.786414
0 -1.223249 0.433449
1 0.138174 0.325185
0 -0.852969 0.191646
1 1.688117 -0.305768
0 -0.292089 0.957121
0 -0.170643 1.198058
1 1.792930 0.153026
1 0.260424 -0.316167
1 2.173647 0.579363
0 -0.927956 0.269358
0 0.595581 0.597955
0 0.460022 0.557773
1 -0.255240 0.001719
0 0.001902 1.040402
1 1.693133 -0.162898
0 0.578796 0.764360
0 0.728754 0.884505
0 0.696285 0.748658
1 1.386277 -0.274799
1 1.211917 -1.117902
1 1.777162 -0.332912
1 0.412027 0.298356
0 -0.963225 0.811301
0 -0.577762 0.153258
0 1.174342 0.190114
0 0.822377 -0.412197
0 0.397680 1.095227
1 1.061076 -0.550162
1 0.704495 0.051073
1 0.504542 0.367820
1 1.918872 0.225929
0 -1.141693 0.338513
0 0.754429 0.454243
1 0.637308 0.133376
1 1.743051 -0.437900
1 0.104005 0.141638
1 0.673600 -0.414519
1 1.546486 -0.027262
1 -0.203591 -0.007656
1 0.798124 -0.165726
0 0.356006 1.144331
1 1.927061 -0.133808
1 0.241534 0.202240
0 -0.773466 0.913798
0 -0.813367 0.257083
1 1.368126 -0.164148
1 1.294404 -0.479278
1 1.324945 -0.347885
0 0.581263 0.587383
0 -0.347800 1.510211
1 1.846864 -0.011926
1 2.097885 0.104898
0 -0.858080 0.386083
0 0.619695 0.566648
0 1.289545 0.003247
1 1.800687 0.323599
1 0.512489 -0.147670
0 1.060412 0.302264
0 -0.332030 1.045502
1 0.223009 0.693200
1 0.611331 -0.244492
1 0.453472 -0.201623
1 1.157620 -0.144826
0 0.893912 0.956378
0 1.199568 0.214166
1 1.815247 -0.262403
1 1.374155 -0.359830
0 -0.004024 1.211575
1 0.614686 -0.416161
1 1.232267 -0.594678
1 2.308768 0.654297
0 -0.649777 0.308149
0 1.172961 0.605460
1 2.061620 0.089615
1 0.491575 -0.199349
0 -0.503537 0.064032
0 0.669520 0.802082
1 0.654935 0.036969
0 -0.417027 1.253407
1 1.298441 -0.341438
0 0.732958 0.310583
1 1.778560 -0.211248
1 -0.261998 0.352605
0 -0.397302 0.818096
1 0.092268 -0.272539
0 -0.121678 1.193323
0 -0.718114 0.562150
0 0.402595 1.166313
1 -0.132495 -0.235094
0 -0.777920 0.546539
0 -1.293970 -0.291545
